1 52.80056527874344
2 50.30837369746103
3 55.45600126446237
4 50.008224644143695
5 53.97913022269706
6 50.86356905479749
7 54.632240900898864
8 60.0379417679322
9 51.409384284721035
10 64.39948659458052
11 50.50126919524588
12 61.843704880761344
13 51.01824051810635
14 62.72479034462912
15 52.76319250336967
16 51.77416481008186
17 52.48165846097049
18 52.85150838881793
19 53.87318119214066
20 51.03118914446976
21 56.6462054855559
22 49.94667086060807
23 54.529878111704974
24 53.189969748165986
25 53.53600166316031
26 49.92511590170232
27 53.79085378982995
28 50.277534076522116
29 55.36747191873328
30 50.0098507580103
31 50.75046738098402
32 53.47340190614611
33 53.58694360685988
34 52.41001911039287
35 51.10127058169618
36 52.311775624693205
37 50.35439679409768
38 55.43732388162563
39 49.79228391747432
40 53.17491533777889
41 53.85268368026579
42 54.88859087089652
43 67.09569816979915
44 55.851470727722585
45 57.813320265679025
46 51.00308641961202
47 56.80882624040342
48 59.01261327359513
49 53.11116853035676
50 55.69577849166083
51 55.677648117563486
52 52.546333005913205
53 51.6715868155178
54 55.52241522321837
55 50.09682287267017
56 52.770427118174304
57 51.501041046324936
58 52.493548745998694
59 50.8742670879434
60 52.05040896162778
61 49.19261117068907
62 54.59187231602516
63 50.751223394852964
64 51.17082227119643
65 54.313433673782995
66 52.92098985979881
67 53.00273544766914
68 55.39427869071092
69 56.08744725310337
70 54.7902435993881
71 54.551946260265716
72 53.875855916183255
73 54.93683719789924
74 51.63975020171273
75 58.90496475180278
76 54.54218592327247
77 53.01655775213039
78 58.16552782543357
79 53.87569885223117
80 52.152400033053524
81 52.90986570599563
82 52.32043198810402
83 55.22074874533536
84 50.62228993549955
85 54.55567983589449
86 50.56828381968715
87 54.96955839687849
88 58.14453011147265
89 56.88110995830813
90 53.42867260573292
91 60.1017637611722
92 51.97479563967893
93 54.340818238426834
94 50.78050980962997
95 57.44752357016962
96 49.981101341626456
97 52.23079056794485
98 54.170088197935165
99 50.51145901934451
100 55.61053241002949
101 68.43410722306102
102 53.899737637680154
103 50.1357825925822
104 51.69637126367213
105 59.36172530370095
106 57.22698464411127
107 55.37044974872899
108 51.42441371109119
109 53.41310313562973
110 52.247016471309536
111 57.77749313448436
112 57.443807402037926
113 54.86866839943845
114 57.90840877867214
115 56.50667537908149
116 54.89156153842496
117 53.41001164817523
118 52.76791870330408
119 48.620711076987035
120 55.87421296996655
121 53.700540841807964
122 59.083573374294104
123 54.79322695896549
124 57.402230349151196
125 50.68107547735949
126 59.297930000395915
127 50.87668705558301
128 68.48951420744474
129 53.628044069917905
130 53.02581917284226
131 53.09485327909109
132 71.34147734184
133 51.51675694490638
134 60.805413486958514
135 51.38410885184075
136 54.633048005888305
137 57.11521857516031
138 50.039124430756566
139 53.169997111463395
140 48.914743280517
141 54.683413360742115
142 56.24235402322962
143 53.98807231348568
144 67.64477741418828
145 60.808245407174624
146 54.70382144340212
147 64.39154354724006
148 52.32619711431731
149 60.70520854619315
150 69.20547006511691
151 64.24889556061888
152 51.79812748729766
153 54.82719966462726
154 51.49688800806279
155 56.1434007767519
156 50.03761994343289
157 57.92062008481047
158 52.39481772903759
159 51.587817198013354
160 54.67705700929639
161 51.12708122758849
162 51.13704709672462
163 48.25885822843339
164 57.22071405182607
165 54.66097416801363
166 53.19410848966284
167 54.93411526372519
168 54.8414916137254
169 59.06570477279488
170 56.018146794786375
171 46.110578288331766
172 55.50452977025494
173 51.20505769355368
174 58.93999770903391
175 53.40338029479634
176 63.604348885933724
177 49.99633054389292
178 52.923316493011065
179 50.74082724388804
180 59.33541144913208
181 56.588560121234934
182 60.247560201792936
183 52.25290545432484
184 58.61267448931491
185 53.5613098217616
186 58.38018538717669
187 56.721499318392965
188 54.47714647258156
189 53.045101045634915
190 56.18991549214185
191 52.61813056862958
192 51.188798463403764
193 59.09031499776444
194 66.24742611814733
195 55.419809790674535
196 52.98903665068016
197 55.49345393921001
198 54.76116871942429
199 59.02775486546752
200 50.66292430731687
201 55.465537469869076
202 54.19163260923895
203 54.61814657841647
204 54.89583808947896
205 49.73948084337941
206 53.655947863866935
207 54.13345455521461
208 51.58317343941581
209 61.37602053131521
210 53.376195828482366
211 64.79569121211506
212 58.147481452343655
213 63.876644577395226
214 54.17186508728034
215 54.603450995453315
216 53.16200649925341
217 57.192000773594096
218 55.62850621943257
219 56.21703128062686
220 55.378486325370325
221 51.92970587899306
222 52.8542155454355
223 58.25097200161935
224 51.78521611355295
225 50.264306328611994
226 49.20051583162241
227 47.983180907164325
228 53.799240096894394
229 49.12376934205129
230 55.820154914548006
231 52.55375842370316
232 55.0458089015749
233 62.15183901182459
234 52.069213076376016
235 67.42074833465755
236 50.32077066525318
237 60.42052867977967
238 51.17269415924245
239 50.78454615839006
240 57.15939801965858
241 52.24687828941875
242 66.06361448546325
243 52.669259363180146
244 55.66098976010985
245 56.17698850838725
246 58.75858920176604
247 54.2076524182941
248 60.574979048086654
249 53.03966300212644
250 59.24707421264911
251 52.93220782894698
252 49.14309187356919
253 60.52457926668975
254 54.52158377724833
255 50.33170449501452
256 57.32772599314656
257 61.830320430818105
258 55.92502173706036
259 70.60911479739542
260 52.62330367576714
261 57.13644466744006
262 54.9195408047382
263 57.741659295030054
264 56.57268088861331
265 55.68289261385881
266 56.90862908821273
267 58.471753454623666
268 49.853136272462315
269 55.75694299077991
270 51.18477017016492
271 53.948134157554875
272 62.97701980715429
273 57.000064907468825
274 55.75047678911693
275 51.03075778682054
276 53.49464235957975
277 50.34093608601851
278 61.07581211781279
279 57.72006234682239
280 59.72139239463298
281 51.40287659047493
282 54.9061145021609
283 48.30858191694903
284 53.605535556201225
285 51.91613617190607
286 55.973002424717265
287 48.3757767517757
288 51.35925072578578
289 58.65717548098879
290 68.78464590450004
291 58.82339344384917
292 53.98287646465144
293 54.25169419496737
294 51.22367906117794
295 53.64566123911023
296 57.471399247556064
297 53.37373048775922
298 58.92088144847142
299 50.85652284940346
300 53.452130042344784
301 50.87453673159936
302 59.470340679451624
303 54.22210571769668
304 57.491904825655595
305 62.70148601259425
306 53.720809791077514
307 60.36688174759792
308 53.19581837716877
309 58.15200580475302
310 59.687792221985646
311 62.361320183310944
312 51.85110272587083
313 54.137636580354076
314 50.64647958520505
315 52.86025546090769
316 49.31246771663093
317 55.485770350875995
318 49.23350847197967
319 54.98381313914962
320 53.64752887194848
321 54.42396957957396
322 54.911639890343146
323 58.7585777522596
324 62.440343421258284
325 50.16950067377345
326 62.76804068631279
327 50.59236524753646
328 63.368608945813406
329 49.7197522892186
330 61.301241986019626
331 52.184789951835405
332 52.5394322232444
333 50.84373404864966
334 50.93788802697365
335 57.157054472670644
336 52.03880158269857
337 49.15016487421316
338 54.923655616493214
339 51.073760702871326
340 53.19289461041613
341 60.9622437804435
342 50.50796098827386
343 63.34315399996615
344 64.42618702340278
345 56.7440788128875
346 48.472800718355806
347 61.04376057906945
348 53.870285005184435
349 57.92483926022872
350 64.15026752541944
351 54.16096369320691
352 50.583477664450946
353 65.28389489129775
354 54.22293741946997
355 53.432788507829784
356 50.11304334888378
357 60.135304276437665
358 51.89417520958186
359 60.149952561002884
360 54.78655336360332
361 51.923625061494214
362 49.84071032129201
363 59.36422018398617
364 52.500210479218026
365 52.19937370332084
366 57.06862781466131
367 49.848735472905474
368 51.86732961399629
369 67.02854975120307
370 48.391028125930305
371 52.542111713603965
372 63.52818793984022
373 51.27852247762637
374 58.2690237127027
375 53.202873996865186
376 54.93678601851697
377 50.031015544174636
378 64.78386032943621
379 48.62285490888952
380 54.08444445246763
381 55.51955632855978
382 54.88783568273761
383 50.00806713074856
384 51.179527586422836
385 63.62533447697232
386 53.02927353975271
387 51.4868039618434
388 53.21818460962417
389 51.32449591165642
390 49.77091518517065
391 52.91205159816597
392 52.882685918543146
393 55.593187803232254
394 49.40373363651356
395 49.506090689013064
396 52.841643591795254
397 54.822757169626016
398 52.76229858650731
399 52.97477799744671
400 60.62034117758394
401 52.324432769856635
402 57.846899294457245
403 53.70142299624894
404 56.40127286031087
405 53.237920467423564
406 59.13900858657817
407 50.319868479744855
408 53.65423114463671
409 52.5925993516327
410 51.723778151665655
411 50.123954019131745
412 57.879819197593804
413 55.51497511214038
414 57.084994193064766
415 53.725061047968595
416 66.89974309518567
417 50.90493436027006
418 49.11574661630345
419 51.65947125195653
420 49.31138512910573
421 53.14116313005568
422 63.574718827450795
423 51.163337388267884
424 54.94373130554489
425 54.76913286604294
426 55.01053756984518
427 53.92977321786866
428 55.47239486984679
429 51.312241747409445
430 53.38395044814168
431 51.033318378067285
432 51.425320442683045
433 52.43618193243118
434 51.55320464654154
435 55.469346355363
436 47.285488499194805
437 53.072351688102
438 52.585077826203474
439 53.86592707877498
440 52.94903013720615
441 55.28104986237749
442 47.88922698366154
443 51.80285651518373
444 51.57123109855248
445 54.42184696033956
446 50.18843582285246
447 52.719835549137926
448 53.164298990723225
449 63.40450190043059
450 53.975470624332544
451 64.53032318502765
452 56.475361946343526
453 54.83042659041466
454 51.0067106410256
455 62.91508289000287
456 54.10277938756523
457 56.280950372248626
458 54.621871653008135
459 54.76148783529062
460 50.06276233474537
461 55.11495524715022
462 50.67062955243979
463 56.30579015790207
464 57.9987240609543
465 51.51901611746177
466 54.477868198888245
467 52.95562966070785
468 54.6685647366461
469 52.809776686281126
470 52.814547493672656
471 51.261150301936674
472 51.79415484712673
473 47.33205462896588
474 52.087740773697554
475 49.19084163540566
476 51.612328636790174
477 53.51866033384054
478 55.36532642368181
479 49.73009072541899
480 50.53321680432789
481 52.124704309350356
482 51.801586460448554
483 55.54377274044111
484 60.2677349910328
485 54.0598759243897
486 60.24654043769897
487 53.87704516166691
488 62.328131713997706
489 52.35921523261511
490 58.332766604910034
491 58.13348599850776
492 53.36250445145237
493 47.502784838853195
494 55.569192265930845
495 53.20967960851486
496 51.39710131322038
497 50.59159414286864
498 51.0939828216896
499 54.746945534118595
500 54.507669576793475
501 57.085564917478834
502 54.42717405724991
503 59.61826865713316
504 53.58252408974204
505 53.31734814477602
506 50.328350331767965
507 52.69503206726689
508 53.068865515717654
509 60.387172537518
510 49.654975571665915
511 55.47648327698833
512 54.54726928837318
513 54.26982944933183
514 57.51778534880654
515 55.980894094139174
516 57.94925246934901
517 54.98686760398197
518 58.879001128300246
519 51.783586582776906
520 57.24623542416482
521 57.25120240720809
522 58.47544018101913
523 68.01060692741513
524 59.57028020781565
525 59.36559687058431
526 54.78441849265063
527 56.930753712430146
528 56.56696479378691
529 50.69966743042581
530 62.76493003942836
531 56.48903772892058
532 59.26061882291658
533 54.208518446130974
534 55.840580528859995
535 52.434432331392024
536 64.32687333116847
537 58.77831577571846
538 57.67142148202649
539 59.11027739853715
540 54.78779801718821
541 56.239221298307015
542 58.22541469270832
543 54.20671030514327
544 48.82888621266982
545 54.098153124626734
546 52.3337501955617
547 54.92502660511003
548 50.96055106450847
549 60.5170241350262
550 52.284750800740866
551 62.23213344696015
552 59.448936639437534
553 53.04711493753871
554 52.29380479296542
555 60.17545037040507
556 53.04716318908245
557 53.80973040461702
558 57.22549477132319
559 55.26618879462028
560 53.90272807818731
561 57.045838817078945
562 51.47013004579362
563 57.18335285798466
564 53.947707496489606
565 63.51719933064444
566 52.44392277639412
567 55.189888130765254
568 56.960388367656535
569 54.51251708240961
570 55.72321938802749
571 69.55475930206833
572 52.94686115117844
573 52.45620759817336
574 54.681798526977445
575 56.629090164001774
576 55.7390734798758
577 47.227581978903224
578 52.58965079594417
579 52.262916827166485
580 65.01587455443983
581 48.92735078536239
582 65.85143921204786
583 49.91005462517294
584 55.831544631020456
585 56.24814672741495
586 61.21961907824176
587 66.27258713062982
588 55.63059881949255
589 59.0388199984325
590 52.793160700123806
591 60.42777242571893
592 59.32033559950454
593 55.41936641351044
594 57.29857255952766
595 53.095320735604524
596 59.76435182181079
597 57.12394835944762
598 57.58617292569912
599 56.24687419202707
600 57.36278171689499
601 55.25607086996938
602 59.40531484203445
603 55.69073620742364
604 58.91761784959174
605 57.98662338322473
606 54.23710104243526
607 54.685165990191884
608 50.35062562316075
609 60.958350384401314
610 55.6392921561122
611 63.01929940428623
612 48.94320503940316
613 64.79460069313086
614 51.70192232717983
615 65.93330009321336
616 63.40448754266729
617 55.258301213717886
618 58.78764415022408
619 55.13014527118468
620 57.700396322841144
621 49.583909125404304
622 56.45892299517939
623 56.87401654778239
624 58.19565249647782
625 52.35847014131323
626 56.13169746604425
627 58.686599345527114
628 54.84737161536841
629 59.99824509416428
630 64.10014577521807
631 69.22630918797856
632 54.35828457448402
633 59.14627274170594
634 58.34136416097384
635 55.013327396081735
636 53.322768291595594
637 57.127040528939986
638 51.83660615542767
639 56.76153182299918
640 56.09286059854119
641 58.89924018057353
642 55.582724233887504
643 50.72900551791675
644 56.62795728252823
645 49.94364602240251
646 56.57979254712166
647 54.17013363112173
648 57.752590814896806
649 52.14741093948958
650 57.028076916195715
651 52.584337327669964
652 58.672240410265445
653 53.176472043546696
654 56.42863504234482
655 50.80957923378203
656 62.157015321470865
657 54.640761031418016
658 50.450735331824035
659 51.54076691920297
660 61.449751186832636
661 51.5325398663212
662 58.530596017842726
663 57.23019013758886
664 58.37828615214471
665 51.6791771506061
666 57.61639874138245
667 55.541313771810195
668 61.379368213748364
669 52.92489544489838
670 55.7081181591204
671 52.88615090705008
672 54.53434681512243
673 62.42246581354725
674 53.4837876107425
675 59.74657184388168
676 51.413840123457234
677 56.52698302431109
678 56.16587575701215
679 57.30843570054054
680 52.60664575913005
681 58.75327444035672
682 50.374334982817984
683 53.58309019222565
684 69.88708128351192
685 59.24187508004826
686 55.7670231871821
687 56.197973864521856
688 58.86120085585098
689 58.84380998270575
690 53.401011972768586
691 59.92741068558849
692 56.848209537117086
693 62.6698964932221
694 54.36244165181541
695 59.46773848911737
696 57.768737720774396
697 59.724976203259715
698 56.711367079892426
699 64.33777598939572
700 55.1463153826444
701 60.75934804117124
702 53.683726625206226
703 61.24176525762659
704 58.74817522521407
705 56.25617736232582
706 59.24797001409332
707 52.96524299861232
708 58.180921548860134
709 54.52672716567641
710 60.965618880166886
711 53.951055782502145
712 58.53557955848995
713 54.906492027346886
714 57.03888924237721
715 51.01442141775168
716 58.76655643957251
717 65.29262873282143
718 66.00630420320503
719 71.31827757998934
720 57.77314389346905
721 57.307351481584845
722 69.60119034726027
723 57.449401227686536
724 62.11431782283452
725 56.41762094543208
726 62.44938701335223
727 55.63168626408967
728 59.41564027274134
729 57.559735574428686
730 63.34246364514624
731 55.28774993323802
732 58.46102391665
733 56.776743606146574
734 59.74863368471377
735 59.04368226246013
736 58.87902427513527
737 56.285496795117005
738 55.378256669245275
739 57.95433796028975
740 53.184270855990846
741 62.01876362011905
742 57.696090167777434
743 61.28650771825039
744 61.885903713105186
745 53.98619914185541
746 50.4741356084181
747 55.13019566313919
748 59.31021294547985
749 54.26752939544763
750 55.46626643698498
751 55.710868749759214
752 55.27600473107308
753 60.145387404702014
754 56.38281578173221
755 64.61006024895208
756 56.63756472816621
757 56.10516334035643
758 53.07187191206803
759 57.075269307029586
760 52.44684297705232
761 52.371950323441766
762 61.750560946143715
763 61.28610492551382
764 55.242653947380035
765 58.88962140808993
766 63.374488004038334
767 59.97313790727399
768 66.95351235016338
769 51.550821430325236
770 61.01971762847263
771 60.02989648175028
772 56.92060001136624
773 52.8054823144189
774 50.5950019043198
775 54.01788439436154
776 60.98232428561631
777 60.56919733637098
778 60.381789587061064
779 50.23100151370813
780 61.930986417904634
781 54.83409070071252
782 61.75702155632331
783 59.82693969300952
784 57.59408946462483
785 58.57855448810773
786 52.48449222551488
787 57.4818998319131
788 50.62479987798745
789 58.828183967648194
790 56.030957544884465
791 53.06143828143034
792 50.468469479761545
793 50.555468167821935
794 53.61557122815829
795 50.69471847913377
796 52.219900818718166
797 57.20808291594891
798 63.18834719738729
799 59.43962025439541
800 59.27243225739297
801 60.65087102444578
802 60.14536175442382
803 57.52503398950165
804 49.91487641961498
805 54.64279463208073
806 52.6122704893353
807 55.413704552278695
808 58.36787252963759
809 63.9694637405519
810 51.96999136397847
811 62.74427819204676
812 53.940013409444795
813 60.08763341759822
814 57.673889862480785
815 60.07214798268341
816 57.60665142447699
817 52.83778038198263
818 56.980132492320244
819 51.91206402835391
820 53.67162533733936
821 48.34966359469658
822 59.03514110955723
823 54.75686883150107
824 59.05443581345089
825 62.101856619046835
826 57.81701686650682
827 60.81990286363411
828 57.93844257097541
829 63.48806530541691
830 57.67169062332444
831 60.66078991822324
832 56.764922266125
833 52.178260996473114
834 58.299254077927266
835 53.19092225674365
836 54.43005629948987
837 53.17189595947151
838 55.55611429059007
839 50.60696118424873
840 60.49120042579753
841 52.01452791692531
842 57.38257647204461
843 56.172141529215956
844 55.76228125605564
845 49.93912210525748
846 57.81770134394837
847 54.65833194959168
848 53.66533651528139
849 55.905966247625074
850 54.352860007454936
851 53.65019007676871
852 52.19305619050927
853 61.28432657842777
854 51.72536254286258
855 52.59634389227914
856 59.77933000025013
857 53.93277147680428
858 67.27518074167047
859 53.3112323235837
860 55.26080745182398
861 54.2917012782393
862 56.373440981515664
863 56.40057706716508
864 49.87594632579872
865 54.83847187859765
866 55.798756882951594
867 55.936658869383926
868 51.606756561738386
869 57.59617668017369
870 51.97816963125822
871 58.21162725272077
872 53.030094485234194
873 53.782452323325415
874 53.35420776583555
875 57.3881778666413
876 53.23849932639353
877 55.33306205062103
878 51.54769973039475
879 54.811626177181296
880 50.84766710762572
881 63.89083499353194
882 55.54096774544816
883 49.74904084079523
884 57.413840994879095
885 60.95283713817163
886 51.67286567098992
887 62.70196303810953
888 51.82120361016717
889 58.37868996317276
890 58.0914124493644
891 55.02394801339972
892 50.877090617895405
893 57.199922134618916
894 49.42464628313547
895 56.17825633963183
896 49.53959082947369
897 51.38131909318238
898 50.99637430860191
899 52.46488690029331
900 49.361801374931126
901 59.524124774831044
902 62.01798315704848
903 57.760098054218744
904 58.295546658049815
905 49.45334662686377
906 56.034157381812356
907 54.53754156472229
908 54.31133992689096
909 51.22096085638652
910 55.354820004535355
911 49.983325389409856
912 49.6237421662987
913 56.88111811110312
914 57.845872586391245
915 60.27107758732131
916 53.832976835056215
917 58.48484302135919
918 53.25945163515852
919 53.73615938063479
920 51.90577066948509
921 55.48110955064981
922 57.050394725422706
923 51.53092568769625
924 53.91912176290914
925 51.653340724198756
926 56.5600214363398
927 56.02910264720617
928 55.683681149400584
929 59.05462102670036
930 53.09147238714302
931 56.18056482002112
932 57.86614211314287
933 59.082441635719185
934 51.55046134506658
935 57.50989621890816
936 49.520526807199545
937 57.848320838877
938 53.93131919654173
939 57.19830171245339
940 50.26206526781321
941 51.59360609633495
942 52.04274171315293
943 49.34592697220464
944 55.25417363466963
945 51.52802386851265
946 54.44094328468472
947 55.773330215913816
948 55.718404948402345
949 54.162186031009526
950 60.74654315614587
951 53.48968264347038
952 54.5958593591243
953 50.86648731289978
954 50.836112159042976
955 49.62170734373282
956 53.64614589113186
957 55.96575643926451
958 51.60054083979284
959 46.05751057042738
960 59.34298039028395
961 55.85899379972403
962 60.019338290336876
963 55.7946230389671
964 53.89521685899901
965 49.352977101543516
966 57.53849089953058
967 53.66447852706414
968 52.26957892605654
969 49.449143914244566
970 56.231063599185504
971 49.54149231618587
972 53.91800932168977
973 52.685533897466705
974 57.289361097279176
975 51.53706984700032
976 55.67006627039193
977 61.123536118073815
978 49.22454352727665
979 58.73697565956293
980 50.91083252101778
981 54.34598009825732
982 57.143148105008976
983 57.133065859752655
984 70.30466852528797
985 55.493272840036965
986 47.729435600897006
987 53.405574600567476
988 52.31719001464433
989 54.521778821705105
990 46.7041439251258
991 50.04281943811246
992 57.643882982475205
993 60.75557644502392
994 60.32700411141234
995 59.04532849883341
996 50.68842904549011
997 54.61586220249512
998 60.1827914114512
999 53.34348715014446
1000 52.35876148565295
1001 50.656916298386534
1002 53.69524837163924
1003 59.451269201917256
1004 50.948839273493604
1005 59.96431960001096
1006 51.00327605017845
1007 58.83936334229291
1008 62.542218779305045
1009 54.45840972555956
1010 56.849255117584555
1011 56.29927168388997
1012 56.0050827556974
1013 64.26491959943218
1014 61.35775486094217
1015 55.74576906924378
1016 53.52780818315785
1017 62.784702910602164
1018 51.32400756220537
1019 64.37890084704347
1020 54.44978640370244
1021 60.285785580327335
1022 49.57063262470543
1023 49.63757707776657
1024 48.58823037201546
1025 52.0147200437435
1026 54.97469649463014
1027 57.52576618385643
1028 50.853140195906235
1029 70.97628374771647
1030 53.683096909864524
1031 50.798319592929545
1032 58.53727394472654
1033 58.01171627277439
1034 51.35901751189835
1035 62.72405811361824
1036 63.07600348783156
1037 56.781314431153994
1038 59.62904704165835
1039 55.216089115913604
1040 60.75342301278908
1041 49.801568356207895
1042 58.011808027926335
1043 46.95866759644976
1044 60.468297752968056
1045 64.87024604805292
1046 61.38829528150789
1047 48.922872432267546
1048 63.47523331566496
1049 62.043523208655586
1050 62.696097877678824
1051 52.158502222367396
1052 56.94164750740269
1053 54.52796877049082
1054 52.807074097825904
1055 62.812576421466204
1056 63.12325208825135
1057 47.882085603750504
1058 69.34060351525909
1059 49.37549080238794
1060 51.22088109615195
1061 51.848413310072225
1062 68.01054123224888
1063 49.27607278158728
1064 56.364632867646655
1065 57.111603787940844
1066 64.90944193773522
1067 63.37469431522403
1068 63.875503320611315
1069 50.627420461565706
1070 55.27621505169758
1071 62.1120317837387
1072 48.005196054891975
1073 65.54026710070724
1074 62.4340872114078
1075 61.08548258804518
1076 68.48849967568353
1077 55.342614725655324
1078 67.98328337919546
1079 57.44159818786609
1080 59.825486879413106
1081 56.12098117632489
1082 62.385944613687805
1083 60.42598014072893
1084 58.32132792802258
1085 51.05775703962608
1086 57.34843264501534
1087 52.70868012028353
1088 53.24332573394579
1089 60.39611163043321
1090 51.45417424926438
1091 61.327127495236326
1092 49.027315976440306
1093 63.07965861984333
1094 54.55636493829567
1095 65.21066449251882
1096 61.705116369579294
1097 59.177012604594736
1098 65.36721639033168
1099 58.32073354554335
1100 53.570283364172255
1101 63.83536667291432
1102 50.49045437123279
1103 67.51650902890702
1104 59.91847637841552
1105 51.24062074994815
1106 66.76446911000598
1107 55.5952735004429
1108 57.65516510887214
1109 64.59236000011155
1110 53.61452918735541
1111 48.96874820257452
1112 54.3841596068886
1113 58.60398021731006
1114 55.4104145412081
1115 58.00071227295628
1116 52.283674967555086
1117 62.92278758557129
1118 54.548781782779606
1119 50.228727951098385
1120 46.19152486941172
1121 53.12857833860873
1122 66.966344649441
1123 52.73328145614177
1124 50.949129588680876
1125 49.21717469812943
1126 65.39162682088016
1127 53.59237311752742
1128 49.72950889975575
1129 50.358069786343805
1130 62.423989980350235
1131 49.21777020081151
1132 65.90930121860612
1133 49.69247198137423
1134 61.88034779229719
1135 50.621156703165525
1136 52.81359385791162
1137 52.951333493336165
1138 53.92185978384902
1139 68.09738261288226
1140 48.27630323715951
1141 62.12692018892807
1142 53.03804167419012
1143 64.44644959614163
1144 60.71321109924873
1145 54.475617850524436
1146 60.998815326996024
1147 54.155225404242735
1148 50.876852283177264
1149 53.24523853702278
1150 53.389658761095184
1151 55.038708529109925
1152 52.837152438770005
1153 61.458782606023355
1154 56.75404464366617
1155 64.54134072640008
1156 53.813904196864534
1157 53.49159588254897
1158 59.22749023135706
1159 58.26456227594807
1160 54.62888112422524
1161 46.90064909270964
1162 49.15707919826499
1163 57.33236980183487
1164 67.08726681850325
1165 57.215095124021175
1166 52.2125543886184
1167 49.5519812420041
1168 56.69866984141726
1169 62.29322669849988
1170 58.59391710154587
1171 63.29756173603593
1172 59.343906151303806
1173 65.18839915036384
1174 53.91460279101592
1175 60.58757814879012
1176 57.39886239008513
1177 61.40518082344006
1178 58.35234791465339
1179 63.550796456398785
1180 64.16178411497435
1181 60.13970079277864
1182 60.53445278107459
1183 51.0590689630001
1184 67.66074810779091
1185 59.39900302895562
1186 64.42803756783717
1187 56.56795845134632
1188 64.49746891938571
1189 55.5996745197297
1190 67.36036066895068
1191 53.71434680209744
1192 49.54586764549132
1193 54.20660651155909
1194 50.516127145904534
1195 54.97861506348778
1196 63.692322642074586
1197 52.85076792372856
1198 52.84041306534123
1199 48.142381825519465
1200 57.36957840337371
1201 54.22451933028989
1202 51.98158059835307
1203 56.88877672262076
1204 58.191794303499854
1205 59.0382559822245
1206 63.3372401298671
1207 59.538883211308956
1208 49.73380034931349
1209 62.50133538060489
1210 63.14366102957789
1211 58.51274345032936
1212 62.13475937903994
1213 60.17414583424048
1214 53.387497261084874
1215 60.90404960090314
1216 58.02244018588976
1217 66.97981977914176
1218 53.22866123801538
1219 66.63601689981063
1220 55.88869416996698
1221 49.64007319385048
1222 57.59882303246526
1223 65.47779536572548
1224 48.59425980984696
1225 67.82398162091977
1226 55.93370693964699
1227 50.31770231803981
1228 49.49611093595509
1229 61.671274992169664
1230 50.14024714222516
1231 59.37824176043287
1232 60.072086740074205
1233 63.37471634533396
1234 58.7565905812532
1235 51.66453338158228
1236 58.284267965996115
1237 52.94268212404685
1238 56.944002759199954
1239 62.722417969000844
1240 50.6770381393591
1241 51.35372546717314
1242 50.74516188113191
1243 52.94218983178657
1244 61.64306236602381
1245 59.98461643994435
1246 63.68688774046812
1247 62.769329550389806
1248 59.53987285568413
1249 60.01847409771005
1250 58.076351619126434
1251 57.537067070711515
1252 53.790373511718
1253 54.08908498954255
1254 54.358919020537776
1255 53.95426162872654
1256 52.362721676356294
1257 65.39369417127755
1258 64.61140954701757
1259 51.70079012616434
1260 63.098752085257125
1261 49.58077550896952
1262 57.736583976404276
1263 68.58025451472284
1264 61.57429519640007
1265 56.37675127864772
1266 50.61372373328902
1267 60.23825009169028
1268 51.01175984086394
1269 65.53150455116794
1270 63.311809929889115
1271 67.24430072210671
1272 53.14049551040599
1273 48.07801582919097
1274 52.26117782160586
1275 68.23995883103866
1276 63.49263261366258
1277 60.20668561892748
1278 50.11741116968037
1279 58.15644404183744
1280 57.839430608143694
1281 59.22928414674966
1282 60.33426535529176
1283 51.9001464849993
1284 60.79906510971885
1285 66.72986062519352
1286 56.50787556714941
1287 66.63056068629247
1288 62.331129767093316
1289 52.170330347208285
1290 58.54886580856372
1291 50.736729067264605
1292 57.58246423469791
1293 64.1538067805049
1294 61.50716350109673
1295 67.63741015267975
1296 57.304910631119284
1297 58.450983843610715
1298 60.49357288281178
1299 57.43272380022807
1300 71.9578370585109
1301 49.94202010675997
1302 61.304077872565344
1303 56.24797927934746
1304 59.373168027694945
1305 50.82193800208585
1306 57.31201806398409
1307 48.84972921683093
1308 62.17335255679839
1309 50.72388104146517
1310 60.46038396363613
1311 69.76250775660948
1312 51.09969640060803
1313 61.235411533182415
1314 47.66751759631321
1315 61.816009971227224
1316 65.2404329020707
1317 55.585344468373336
1318 66.59117252036476
1319 60.47801330860387
1320 63.76592939044097
1321 59.12440857555151
1322 61.39487171165185
1323 60.73630084267003
1324 64.81840545850616
1325 54.71982549117737
1326 65.4776097927729
1327 55.47255761307919
1328 56.217013569350314
1329 56.81524443417479
1330 56.37541694108562
1331 59.75274076461583
1332 52.22843925257619
1333 64.3554588082592
1334 53.98674455249453
1335 66.9714446744113
1336 52.78206285604712
1337 59.801908008995476
1338 49.674189462772446
1339 57.591647093479935
1340 48.637187175327135
1341 58.73535907420025
1342 67.13087598608782
1343 63.49850724133545
1344 59.32361107843667
1345 50.71639252168344
1346 50.593427367242484
1347 53.14319862972151
1348 57.41897025861893
1349 59.372747640556
1350 58.45120838747423
1351 59.87475524247547
1352 57.47307737549855
1353 57.958637860854
1354 56.20022033893065
1355 59.12134468112203
1356 54.92089312104347
1357 61.35768990993811
1358 54.625788446881614
1359 60.99717819344469
1360 63.0532525176198
1361 52.97634369617328
1362 60.503037524848466
1363 53.07657480724863
1364 62.85763560496853
1365 50.791360317181834
1366 59.896827886200214
1367 50.660350875068175
1368 57.758979493371385
1369 62.34750065357802
1370 61.024592907056615
1371 53.6461866752368
1372 55.808679239585324
1373 49.83759929845925
1374 57.49697054526609
1375 61.85233237608499
1376 64.02217580739857
1377 59.5173126716716
1378 63.79642064882991
